

[image]

width
640

height
480

[narrow_stereo/left]

camera matrix
692.924985 0.000000 269.174921
0.000000 689.971191 257.139871
0.000000 0.000000 1.000000

distortion
-0.040304 0.228913 -0.008006 0.004597 0.000000

rectification
0.991716, 0.019730, -0.126923,-0.015130, 0.999197, 0.037108,0.127553, -0.034880, 0.991218

projection
818.334668, 0.000000, 403.787720, 0.000000, 0.000000, 818.334668, 231.914507, 0.000000, 0.000000, 0.000000, 1.000000, 0.000000

# oST version 5.0 parameters


[image]

width
640

height
480

[narrow_stereo/right]

camera matrix
720.863248, 0.000000, 305.902894, 0.000000, 720.635239, 214.307236, 0.000000, 0.000000, 1.000000

distortion
0.067356, -0.029916, -0.016863, 0.002724, 0.000000

rectification
0.990208, -0.021103, -0.137998, 0.016099, 0.999175, -0.037274, 0.138671, 0.034687, 0.989731

projection
818.334668, 0.000000, 403.787720, -184.851683, 0.000000, 818.334668, 231.914507, 0.000000, 0.000000, 0.000000, 1.000000, 0.000000


